000515000000050539100005053000000
000524000000051429100005142040015
000534700000052409100005240040021
000541000000053129100005312040021
000543600000053399100005339040015
000559200000054959100005495040015
000561400000055179100005517040015
000590800000057899100005789040015
000594000000058279100005827040021
000595900000058359100005835000000
000600900000058869100005886040015
000604100000059249100005924040021
000627000000061579100006157040015
000630000000061739100006173040021
000632700000061909100006190000000
000638600000062549100006254000000
000644000000063199100006319000000
000648300000063519100006351000000
000651300000063869100006386040015
000661000000064839100006483040015
000673400000066029100006602040021
000683100000067009100006700040011
000687400000067429100006742000000
000688200000067699100006769040011
000689000000067779100006777040021
000694700000068239100006823040011
000699800000068749100006874000000
000712900000070059100007005000000
000718800000070569100007056040011
000719600000070649100007064040011
000724200000071029100007102040011
000096500000071379100007137000000
000732300000072009100007200040021
000735800000072349100007234040011
000739000000072779100007277000000
000740400000072859100007285000000
000742000000073079100007307040015
000747100000073589100007358040011
000764100000075369100007536000000
000765000000075449100007544000000
000766800000075529100007552000000
000781100000076849100007684000000
000785400000077229100007722040021
000812500000080019100008001000000
000813300000080109100008010040011
000818400000080609100008060040015
000826500000081419100008141000000
000831100000081929100008192040011
000843500000083119100008311040015
000847800000083549100008354040021
000859100000084609100008460040015
000862100000084949100008494000000
000885000000087459100008745000000
000895800000088699100008869040011
001192400000118279100011827000000
001203300000119329100011932040011
001213000000120179100012017040015
001228900000121659100012165040021
000050700000121739100012173000000
001234300000122469100012246040011
001256400000124759100012475040021
001298000000129209100012920040021
001307200000130059100013005040015
001337400000133239100013323000000
001338200000133319100013331040011
001352800000134719100013471000000
000534700000135369100013536040015
001380300000137819100013781040011
001385400000138389100013838000000
001410900000140799100014079040015
001415000000141259100014125040021
001417600000141419100014141000000
001420600000141689100014168000000
001488500000149239100014923040021
001489300000149589100014958040021
001500800000150599100015059040015
001415000000151649100015164040021
001512100000151999100015199040011
001534200000154239100015423000000
001535000000154319100015431040015
001536900000154409100015440040021
001549000000155719100015571000000
001565200000157339100015733040011
001567900000157419100015741040011
001587300000159389100015938000000
001588100000159469100015946040021
001595400000160049100016004040021
001600400000160479100016047040021
001601200000160559100016055000000
001602000000160639100016063040015
001614400000161879100016187040011
001618700000162339100016233040011
001622500000162929100016292040021
001626800000163309100016330040021
001631400000163819100016381040021
001636500000164209100016420000000
001641100000164709100016470000000
001645400000165199100016519040011
001679900000167139100016713000000
001705100000168539100016853000000
001699300000169009100016900000000
001700000000169189100016918000000
001707800000169699100016969000000
001708600000169779100016977000000
001709400000169859100016985000000
001720500000170519100017051000000
000691200000171169100017116000000
001729900000171329100017132000000
001730200000171409100017140000000
001736100000171679100017167000000
001737000000172139100017213000000
001738800000172219100017221000000
001763900000174429100017442000000
001780900000175829100017582000000
001799000000177449100017744000000
001798100000177529100017752000000
001800700000177609100017760000000
000443000000181129100018112000000
001948800000191949100019194000000
001957700000192839100019283000000
001958500000192919100019291000000
001965800000193649100019364000000
002091500000205919100020591000000
002093100000206139100020613000000
000001900000700419100070041040011
001661600000700509100070050000000
001035900000701149100070114040015
000896600000088779100008877040015
000898200000088939100008893040011
000899000000089079100008907000000
000902400000089319100008931000000
000903200000089409100008940040011
000907500000089829100008982000000
000209700000090409100009040000000
000920200000091219100009121040021
000925300000091649100009164040015
000931800000092299100009229040015
000935000000092619100009261040021
000938500000092969100009296040021
000940700000093009100009300000000
000945800000093509100009350000000
000953900000094319100009431040021
000954700000094409100009440040011
000955500000094589100009458040011
000958000000094829100009482040011
000968700000095809100009580040011
000981400000097179100009717040021
000983000000097339100009733040011
000986500000097689100009768040015
000987300000097769100009776040011
000991100000098149100009814000000
001009000000099979100009997040011
001019700000100819100010081040011
001020000000100909100010090040011
001027800000101629100010162040011
001049900000103759100010375000000
001054500000104219100010421040015
001058800000104649100010464000000
001064200000105299100010529040021
001070700000105889100010588040021
001075800000106349100010634000000
001078200000106699100010669000000
001098700000108559100010855040011
001102900000108989100010898000000
001104500000109109100010910040015
001105300000109289100010928000000
001113400000110029100011002040011
001115000000110299100011029040015
001116900000110379100011037040015
001123100000111009100011100000000
001127400000111429100011142040015
001128200000111509100011150040011
001130400000111779100011177040011
001131200000111859100011185000000
001142800000113129100011312040015
001174600000116499100011649040011
001186000000117629100011762040015
000001900000000199100000019040011
000002700000000279100000027040021
000007800000000609100000060040011
000010800000000949100000094040021
000011600000001089100000108040021
000017500000001599100000159040011
000022100000001919100000191040015
000023000000002059100000205040021
000025600000002219100000221040011
000026400000002309100000230040021
000027200000002489100000248040015
000029900000002569100000256000000
000030200000002649100000264000000
000031000000002729100000272000000
000033700000002999100000299040015
000056600000005159100000515040021
000060400000005409100000540040015
000061200000005589100000558040011
000077900000007109100000710000000
000096500000008929100000892040015
000097300000009069100000906040021
000098100000009149100000914000000
000116300000010909100001090040011
000158900000014909100001490000000
000182100000017679100001767040011
000188000000018139100001813000000
000198800000019109100001910040011
000212700000020549100002054040021
000214300000020709100002070000000
000223200000021609100002160040015
000226700000022089100002208000000
000227500000022169100002216040021
000233000000022759100002275040011
000242900000023569100002356040015
000250000000024299100002429040015
000254200000024619100002461000000
000267400000025939100002593000000
000268200000026079100002607040015
000292500000028529100002852000000
000388300000038169100003816040015
000415400000040659100004065000000
000436700000042789100004278040021
000439100000043089100004308040011
000443000000043409100004340040011
000454500000044569100004456040015
000461800000045299100004529000000
000472300000046349100004634000000
000485500000047749100004774000000
000486300000047829100004782000000
000488000000047909100004790040011
000498700000048809100004880040015
000502900000049289100004928040021
000507000000049799100004979040011
